%YAML:1.0
sentry_up:
  pitch_diff: 0.022
  yaw_diff: 0.037
  shoot_delay: 0.18
  q00: 0.01
  q11: 0.01
  q22: 0.01
  q33: 0.1
  q44: 0.1
  q55: 0.1
  # measure
  r00: 0.05
  r11: 0.05
  r22: 0.05